#name video and area

#1
area1 = [(325, 491), (373, 323), (395, 192), (360, 65), (275, 66),
         (270, 120), (153, 263), (11, 413), (325, 491)]
area2 = [(417, 497), (446, 268), (427, 137), (400, 79), (443, 87),
         (514, 167), (562, 321), (575, 498), (417, 497)]

#2
area1 = [(21, 417), (400, 201), (489, 208), (456, 303), (396, 469),
         (21, 417)]
area2 = [(1010, 436), (623, 206), (528, 205), (574, 337), (625, 466),
         (1010, 436)]

#3
area1 = [(2, 483), (1014, 486), (1014, 200), (765, 17), (471, 11),
         (281, 170), (5,413), (2, 483)]

#4
area1 = [(2, 483), (396, 485), (482, 251), (505, 213), (435, 213),
         (233, 313), (4, 430), (2, 483)]
area2 = [(604, 487), (1014, 487), (664, 255), (597, 207), (538, 205),
         (545, 300), (604, 487)]

#5
area1 = [(93, 487), (470, 487), (513, 304), (515, 271), (455, 276),
         (295, 359), (93, 485)]
area2 = [(604, 487), (1014, 487), (1014, 463), (606, 279), (533, 275),
         (559, 361), (604, 487)]

#6
area1 = [(6, 321), (6, 493), (71, 488), (338, 348), (534, 232),
         (602, 174), (462, 167), (276, 238), (6, 321)]
area2 = [(183, 488), (714, 492), (797, 274), (771, 183), (618, 176),
         (541, 256), (310, 401), (183, 488)]

#7
area1 = [(170, 487), (977, 487), (683, 20), (552, 21), (365, 230),
         (170, 487)]

#8
area1 = [(4, 492), (436, 491), (505, 229), (442, 227), (4, 492)]
area2 = [(605, 473), (998, 476), (604, 230), (539, 230), (605, 473)]

#9
area1 = [(4, 492), (469, 492), (530, 296), (541, 272),
         (450, 272), (346, 310), (205, 367), (5, 471), (4, 492)]
area2 = [(637, 492), (1014, 492), (1014, 440), (668, 279),
         (635, 267), (563, 267), (563, 267), (563, 296), (637, 492)]

#10
area1 = [(142, 493), (363, 312), (455, 237), (516, 238), (500, 493), (142, 493)]
area2 = [(579, 493), (944, 492), (635, 265), (599, 238), (529, 237), (579, 493)]
